cl2 : 1.026923888126048e-22
hocl : 8.549428597452939e-11
cl2o : 1.2909637115566743e-12
cl_ : 2.715040426380746e-07
cl3_ : 7.313471312333901e-27
ocl_ : 0.00032972840790890343
br2 : 3.5651806323270145e-14
hobr : 7.33567129090307e-09
br2o : 4.628808600452769e-08
br_ : 0.0003467284959213108
br3_ : 1.9901856039364597e-16
obr_ : 1.7159213573157024e-07
brcl : 2.2390221698721505e-20
br2cl_ : 1.397399021939368e-19
brcl2_ : 1.542895582536205e-25
brocl : 2.1762054537676504e-19
hp : 8.784234299104125e-15
oh_ : 1.138403150405479
nap : 0.00167
