cl2 : 2.579351836206062e-17
hocl : 5.899557045339721e-12
cl2o : 8.908331138462975e-14
cl_ : 4.095129217308048e-05
cl3_ : 3.205461112032742e-16
ocl_ : 1.5883452595078675e-15
br2 : 4.633634269548871e-06
hobr : 2.203122022588137e-06
br2o : 1.3901699962531138e-05
br_ : 0.00012739557363413925
br3_ : 9.503911201885692e-09
obr_ : 4.375328946326777e-11
brcl : 8.817712252364532e-11
br2cl_ : 2.0201476089136467e-10
brcl2_ : 6.758591905900243e-15
brocl : 4.5101134651191114e-18
hp : 0.00010070662543413162
oh_ : 9.929833272529443e-11
nap : 6.765e-05
