cl2 : 2.506614274679014e-20
hocl : 1.2443461428543989e-08
cl2o : 1.878962677465188e-10
cl_ : 3.087052600721031e-05
cl3_ : 2.307356030943973e-20
ocl_ : 3.8075755711697164e-06
br2 : 2.4008431004989504e-11
hobr : 2.237165315456945e-06
br2o : 1.4116513132862419e-05
br_ : 5.255424352483121e-06
br3_ : 2.0311010008677695e-15
obr_ : 3.593897188071712e-07
brcl : 4.689329508590598e-15
br2cl_ : 4.26575163115873e-16
brcl2_ : 4.659953348191104e-19
brocl : 9.649384837530462e-15
hp : 1.1059986394009573e-10
oh_ : 9.041602443034022e-05
nap : 4.0154731772760194e-05
