cl2 : 2.4615191749217885e-16
hocl : 7.404593887912372e-06
cl2o : 8.279029245861886e-13
cl_ : 3.2999917560702537e-06
cl3_ : 1.4621387448054334e-22
ocl_ : 2.3945405589401093e-05
br2 : 3.927564812659646e-17
hobr : 2.770918370151336e-06
br2o : 4.8448117293302274e-11
br_ : 8.252907536205243e-12
br3_ : 5.21863395810945e-27
obr_ : 5.289693703097357e-07
brcl : 7.369133632592717e-16
br2cl_ : 1.6849209851112838e-22
brcl2_ : 9.240870081898545e-21
brocl : 7.119581474246686e-12
hp : 1.0476650248215815e-08
oh_ : 9.545035639328527e-07
nap : 3.7950000010000004e-05
